40 40 40 40 40 40 40 40 40 40 40 40 40 40 40 40 40 40 40 40 40 22 0 0 0 0 0 27 0 0 0 0 0 0 34 0 42 43 0 34 0 0 0 0 42 43 0 0 42 43 
40 0 0 0 0 0 0 0 0 0 0 0 0 0 0 0 0 0 0 0 0 22 0 0 0 0 0 27 34 0 0 35 34 0 0 0 44 45 0 0 0 0 0 0 44 45 42 43 44 45 
40 0 0 0 0 0 68 0 0 0 0 0 0 0 0 0 0 0 0 0 0 22 0 0 0 0 0 27 0 0 34 0 0 0 0 34 0 0 34 0 34 0 34 0 0 0 44 45 0 0 
40 0 0 67 0 0 0 0 0 46 0 47 0 0 0 0 48 49 0 0 0 22 0 0 0 0 0 27 0 0 0 0 34 0 0 0 0 35 0 0 0 0 0 0 34 0 0 42 43 0 
40 0 0 0 66 0 0 70 71 0 0 47 0 0 0 0 50 51 0 0 0 22 0 0 0 0 0 27 0 0 0 0 0 0 0 0 34 0 0 0 34 0 0 0 0 0 0 44 45 0 
40 0 0 0 0 4 5 6 7 4 5 6 0 0 0 0 39 0 0 0 68 22 0 0 0 0 0 27 0 0 0 39 0 34 0 0 0 0 0 0 0 0 0 0 0 34 0 0 42 43 
40 0 28 29 30 8 9 10 11 8 9 10 11 57 58 59 0 0 0 0 0 22 0 0 0 0 0 27 0 0 0 0 0 0 0 0 0 36 37 0 0 0 46 0 47 0 0 0 44 45 
40 0 31 32 33 12 13 14 15 12 13 14 15 60 61 62 0 0 0 0 0 22 0 0 0 0 0 27 0 0 0 0 0 0 0 0 0 0 0 0 0 39 0 0 47 0 0 0 0 0 
40 0 0 0 0 16 17 18 19 16 17 18 19 63 64 65 0 34 0 70 71 22 0 0 0 0 0 27 0 0 0 0 0 0 0 0 0 0 0 0 0 0 41 0 0 0 0 0 0 0 
40 0 0 0 0 0 0 0 0 35 0 0 0 52 52 0 0 0 0 0 0 22 0 0 0 0 0 27 0 0 0 0 0 0 0 0 0 0 0 0 0 0 0 0 0 0 0 0 0 0 
40 0 0 0 0 0 0 0 0 0 0 0 0 0 0 0 0 0 0 0 0 22 0 0 0 0 0 27 0 0 0 0 0 0 0 0 0 0 0 0 0 0 0 0 0 0 0 79 0 0 
40 0 0 0 0 0 0 0 0 0 0 0 0 0 0 0 0 0 0 0 0 72 73 73 73 73 73 74 0 0 0 0 0 0 0 0 0 0 0 0 0 0 0 0 0 0 0 78 0 0 
40 0 0 0 0 0 0 0 0 0 0 0 0 0 0 0 0 0 0 0 0 75 76 76 76 76 76 77 0 0 0 0 0 0 0 0 0 0 0 0 0 0 0 0 0 0 0 0 0 0 
40 0 0 0 0 0 0 0 0 40 0 0 40 0 0 0 0 0 0 0 0 22 0 0 0 0 0 27 0 0 0 0 0 0 0 0 0 0 0 0 0 0 0 0 0 0 0 0 0 0 
40 0 0 0 0 0 0 0 0 0 0 0 0 0 0 0 68 0 0 0 0 22 0 0 0 0 0 27 0 0 0 0 0 0 0 0 0 0 0 0 0 0 36 37 0 0 0 0 0 0 
40 0 0 0 0 68 0 0 0 0 0 0 0 0 0 0 0 0 0 0 0 22 0 0 0 0 0 27 0 0 0 0 0 0 0 0 0 0 0 0 0 0 0 0 0 0 0 0 0 0 
40 0 0 0 0 0 0 0 0 0 0 35 0 0 0 0 35 0 0 0 0 22 0 0 0 0 0 27 0 0 0 57 58 59 0 57 58 59 0 57 58 59 0 0 0 0 0 0 0 0 
40 0 0 0 0 0 0 0 0 40 0 0 40 0 0 0 0 0 0 0 0 22 0 0 0 0 0 27 0 0 0 60 61 62 0 60 61 62 0 60 61 62 0 0 0 0 0 0 0 0 
40 0 0 39 0 0 0 0 0 0 0 0 0 0 0 0 0 0 0 0 0 22 0 0 0 0 0 27 0 0 0 63 64 65 0 63 64 65 0 63 64 65 0 0 0 0 0 0 0 0 
40 55 55 0 56 56 56 0 53 53 53 53 53 0 54 54 0 0 0 0 0 22 0 0 0 0 0 27 0 0 0 52 0 0 0 52 0 0 0 52 0 0 0 0 0 0 0 0 0 0 
40 55 55 0 56 56 56 0 53 53 53 53 53 39 54 54 0 0 0 0 0 22 0 0 0 0 0 27 0 0 0 0 0 0 0 0 0 0 0 0 0 0 0 0 0 0 0 0 0 0 
40 55 55 0 56 56 56 0 53 53 53 53 53 0 54 54 0 0 0 0 0 22 0 0 0 0 0 27 0 0 0 0 0 0 0 0 0 0 0 0 0 0 0 0 0 0 0 0 0 0 
40 55 55 0 56 56 56 0 53 53 53 53 53 0 54 54 0 0 0 0 0 22 0 0 0 0 0 27 42 43 42 43 42 43 42 43 42 43 42 43 0 0 0 0 0 0 0 0 0 0 
40 0 0 0 0 0 0 39 0 0 0 0 0 0 0 0 0 0 0 0 0 22 0 0 0 0 0 27 44 45 44 45 44 45 44 45 44 45 44 45 0 0 0 0 0 0 0 0 0 0 
40 40 40 40 40 40 40 40 40 40 40 40 40 40 40 40 40 40 40 40 40 22 0 0 0 0 0 27 0 0 0 0 0 0 0 0 0 0 0 0 0 0 0 0 0 0 0 0 0 0 
0 0 0 0 0 0 0 0 0 0 0 0 0 0 0 0 0 0 0 0 0 0 0 0 0 0 0 0 0 0 0 0 0 0 0 0 0 0 0 0 0 0 0 0 0 0 0 0 0 0 
0 0 0 0 0 0 0 0 0 0 0 0 0 0 0 0 0 0 0 0 0 0 0 0 0 0 0 0 0 0 0 0 0 0 0 0 0 0 0 0 0 0 0 0 0 0 0 0 0 0 
0 0 0 0 0 0 0 0 0 0 0 0 0 0 0 0 0 0 0 0 0 0 0 0 0 0 0 0 0 0 0 0 0 0 0 0 0 0 0 0 0 0 0 0 0 0 0 0 0 0 
0 0 0 0 0 0 0 0 0 0 0 0 0 0 0 0 0 0 0 0 0 0 0 0 0 0 0 0 0 0 0 0 0 0 0 0 0 0 0 0 0 0 0 0 0 0 0 0 0 0 
0 0 0 0 0 0 0 0 0 0 0 0 0 0 0 0 0 0 0 0 0 0 0 0 0 0 0 0 0 0 0 0 0 0 0 0 0 0 0 0 0 0 0 0 0 0 0 0 0 0 
0 0 0 0 0 0 0 0 0 0 0 0 0 0 0 0 0 0 0 0 0 0 0 0 0 0 0 0 0 0 0 0 0 0 0 0 0 0 0 0 0 0 0 0 0 0 0 0 0 0 
0 0 0 0 0 0 0 0 0 0 0 0 0 0 0 0 0 0 0 0 0 0 0 0 0 0 0 0 0 0 0 0 0 0 0 0 0 0 0 0 0 0 0 0 0 0 0 0 0 0 
0 0 0 0 0 0 0 0 0 0 0 0 0 0 0 0 0 0 0 0 0 0 0 0 0 0 0 0 0 0 0 0 0 0 0 0 0 0 0 0 0 0 0 0 0 0 0 0 0 0 
0 0 0 0 0 0 0 0 0 0 0 0 0 0 0 0 0 0 0 0 0 0 0 0 0 0 0 0 0 0 0 0 0 0 0 0 0 0 0 0 0 0 0 0 0 0 0 0 0 0 
0 0 0 0 0 0 0 0 0 0 0 0 0 0 0 0 0 0 0 0 0 0 0 0 0 0 0 0 0 0 0 0 0 0 0 0 0 0 0 0 0 0 0 0 0 0 0 0 0 0

